0.054867910027570604
0.053059138143959024
0.05458656718365231
0.054598816360730065
0.053654679921762774
0.05353347647421629
0.05362676263214764
0.052904334833311556
0.054450973169043945
0.053043703428597364
0.05277294036492855
0.05360080425693453
0.05351121156290489
0.05299568383497458
0.053131667970885754
0.05204660804429169
0.05296473841977771
0.05321639495970505
0.052116807449335306
0.05293418916207476
0.05261210174000801
0.051644558308762495
0.05219639982552845
0.05196125105922343
0.05175742444628731
0.053161724594110726
0.054242730832500294
0.05231077236626964
0.051436824906985534
0.05069510371933042
0.054876314844643975
0.052253014018011475
0.05221437267563021
0.05270254938770815
0.054362436916635976
0.05118130871573893
0.05271753667218301
0.05210089786951385
0.05084342118899621
0.052713901151546755
0.054400310540725985
0.05421598531451917
0.05349159185705922
0.05464253678189822
0.05380835208057043
0.053552466064307344
0.053630001134692316
0.053755526019872726
0.051958585390816235
0.05199767706656486
0.05218694068634039
0.052702447288986175
0.05390143713145934
0.05113726073695857
0.05477306795735015
0.05352103111355992
0.05398933958442781
0.05363822822596329
0.05259691910009216
0.053241943486615276
0.053037081773050054
0.05301291184914294
0.053506310251457134
0.05470355931750095
0.05332835531937599
0.05405335009764031
0.051605024724181284
0.053068818069839034
0.05387446400554142
0.05159364400442363
0.052121444429647834
0.053431004505526784
0.05331995629591501
0.05090380797534487
0.053071368844957924
0.052041393361463045
0.053156586418393284
0.053826837578378244
0.053116532794846245
0.053668782944200785
0.05262833474479122
0.052470240666692806
0.053770037247904516
0.05289229708160925
0.05397100654820226
0.05286023202901486
0.05408018553852685
0.05197027142661393
0.05466254909470879
0.05374070038586884
0.05185185095517787
0.05389017770264294
0.053253671964782784
0.052671393387521914
0.0540487099580661
0.053016066987016115
0.05368020652273505
0.050705213001222736
0.05466013206096748
0.05347784977041452
0.05185113407127001
0.05289084724261869
0.05242361899001242
0.054232444345475736
0.05267548097313133
0.05437392239361484
0.05355605626822096
0.05404359111749544
0.05424769622922629
0.052841435290972565
0.053028273221012445
0.053051646627792284
0.05353379087471559
0.053513492681517866
0.05415058654771808
0.0545555099386289
0.05360236591937254
0.0513724162138589
0.05411960044878403
0.05262476905539972
0.05120369798083772
0.05337408631531715
0.05110035807869177
0.053850577677093774
0.052158472779304986
0.05345676282227087
0.05345592748327595
0.04999350043782961
0.05356577547227733
0.05363742230918832
0.054836496424538764
0.05316842517595197
0.05388223979163145
0.05145045086110614
0.05361792263560099
0.054452941210530896
0.05401390377566644
0.05254045924519457
0.05450795294230814
0.053135389261532454
0.0543846006888495
0.05352394851610831
0.05249134975210426
0.055416738891337164
0.052746312143223305
0.053136297304332836
0.05433264492836838
0.04911187542167862
0.052154650172594075
0.052815757296820975
0.05302354415308331
0.052784617019124465
0.051890627019694276
0.05346352813523764
0.05517524716618338
0.05182855286739048
0.052721264034235105
0.051130082273839805
0.055199690430821444
0.05356436549618916
0.05432257494105505
0.0528643420963716
0.051697043947795486
0.05211525807388235
0.053214561770566576
0.0537010965670224
0.054137893254865205
0.05202971998071053
0.0531963726989145
0.05199925084422097
0.050893553063698624
0.05403456590173365
0.05300144682381587
0.053126045669751445
0.053499777471898116
0.05066899279273788
0.05363922912943298
0.052540488660119934
0.05184144172366044
0.05373153944380634
0.05341215055194053
0.053941210712435614
0.053301912577101124
0.05383716889602558
0.05370443617219133
0.05170167093298894
0.05216870645776376
0.05373697024426557
0.05242499690442208
0.05277374708046865
0.05234432406048334
0.05214666179309929
0.054867795704550394
0.05337302728346191
0.05317969559486679
0.051967270039088576
0.05312257818222951
0.05376782754173393
0.053790579183256595
0.055332642221659505
0.05019938566914472
0.052862292233988015
0.053350886544321637
0.055135362806113565
0.05459875927719999
0.05284212839494495
0.05403216036399745
0.05260399340212978
0.05423231980409563
0.05308133202399923
0.05301306763210355
0.053860259157041575
0.05301351533556927
0.05175891618742737
0.052481865907407915
0.05320933488217646
0.05349439965862442
0.05392717818358917
0.051984132444083016
0.05395926882160138
0.05197887397470012
0.05260523757791204
0.051516692853401526
0.05175744204675453
0.05345194188204859
0.051438093039178304
0.05361049200143287
0.0535490419628215
0.05283490258328913
0.05348395625810368
0.05271248949115548
0.052741640720656686
0.05203293807605213
0.05282753594606611
0.05324315183440649
0.05373071824019949
0.052780550442643265
0.05054470694684776
0.052099777951186976
0.05341863282129324
0.05390104512587593
0.05381243567508255
0.05115011393597238
0.054086728983166694
0.0522253638903439
0.05219605990456911
0.053351634549993525
0.055302504799749776
0.05435184491526854
0.054011128038026185
0.05366436241975196
0.05322985804345347
0.05083981031715616
0.053192690162171735
0.054379023922390565
0.05307676446735064
0.0541323697070224
0.05231021262684115
0.0537177386304923
0.05162809971761717
0.05395734183563441
0.05261101449676324
0.05223070906002008
0.054063297901981
0.05503643154322393
0.05320031790002158
0.05124968764867259
0.050463498108158714
0.05271694256367191
0.052884397503357855
0.05219095406079517
0.05183995943447858
0.053603376031971725
0.053977959285345385
0.05227524025539306
0.05424561916136198
0.05287255872031056
0.053320793117010344
0.05436082701157081
0.052772433534137825
0.05384986238208994
0.053795867778353226
0.05370842920685863
0.05335763557301795
0.053542708831254365
0.05298271342249051
0.052742961136488783
0.05441398495834086
0.054535415396040156
0.05382855152419168
0.054103376092035645
0.052222917651940884
0.054266702838520774
0.05135465359860235
0.05410240558062513
0.054408477496202534
0.052156812073798166
0.05271638898424242
0.05194399359145365
0.0551690747692173
0.052486307237030794
0.053932811128606234
0.054217297585194
0.051675524363743
0.052237741565069634
0.051508246977993596
0.05414718577265841
0.05330559542590928
0.05305504463809383
0.05215864059011502
0.05366946869125997
0.05355615311156392
0.05345415225880805
0.05274701970452525
0.04975078210022127
0.053846618583700746
0.05341731742515871
0.053450286465927505
0.051762865989898404
0.053230765179876946
0.0520452754719344
0.05327896419117903
0.05340461879845066
0.05443787691885408
0.051793195820222876
0.05418124153196656
0.05402322849020365
0.051777670906982314
0.05481048146552185
0.05534424713214629
0.0530170006165649
0.05460731192015881
0.05079631501818983
0.05466121314909459
0.05296513240023826
0.05473887575662479
0.052511346214777495
0.054005538943046785
0.052623912919371026
0.05323502135640408
0.05239022498715857
0.0535615922580013
0.05260928862607296
0.05267929848272704
0.052904781652874024
0.05428906057790939
0.05287014086504694
0.053903268972514365
0.05361333440922262
0.054622203322165386
0.053519352255746465
0.05339330541178118
0.05313317494615517
0.0537278891874229
0.0527628891116259
0.05434105175060659
0.05417574776281873
0.05235822902686291
0.053065562191822416
0.05254535472369689
0.051819292224924485
0.053718467278994576
0.051989175669935085
0.052895736900188915
0.052743947514746606
0.05248121951513089
0.05396627740639469
0.05439323455651484
0.05063248328037989
0.054273492717960836
0.05274193300557772
0.054322402345053825
0.053739696695607554
0.05151909503105833
0.05196756481801855
0.05396499330508595
0.05170732130092871
0.05347334329125337
0.051359255341358795
0.05440570802096305
0.052513130115408396
0.05365988742133308
0.05576927693562663
0.05143876666372555
0.05235547567096581
0.052689142684317486
0.05387941023897629
0.05312935501915522
0.054485921876649024
0.05431226197179143
0.052808850552211115
0.053174247800222896
0.05322085353513091
0.05280912352042143
0.05452701792437072
0.05260936378712051
0.05226057382792118
0.05339927956454444
0.05274759912704577
0.0537249034207231
