0.0518580885684638
0.053488716586380616
0.05338477360434198
0.05324336446249827
0.05421562647828103
0.0525288928603002
0.0522941012266713
0.05400733531167762
0.05229805142513044
0.0528281403736521
0.05269535288285027
0.053976210589410864
0.05056159622435507
0.051829379342623466
0.05377061075350628
0.05286409826759576
0.05416991437421518
0.05310100285855003
0.051924489097631144
0.053102384142030785
0.05331458797877757
0.05431795979413892
0.05115250462993103
0.05323792958185383
0.05343489365605538
0.05226615953099968
0.0542170838551118
0.053737639023423954
0.05314268914673484
0.05330095936318617
0.0530057641116932
0.052784034811756864
0.05301406355261785
0.05192079755563931
0.052203153956451934
0.053805667517826124
0.05365612209958304
0.051721794285553735
0.051305662356735025
0.05189645294846182
0.053622917655924036
0.05406737588807406
0.0546932239264752
0.0522729104117408
0.05340433023583463
0.051411829592993515
0.05366165573366189
0.05524130178296024
0.053903033414241144
0.05500271405898656
0.05443700851215953
0.05357846195887763
0.054591604075715505
0.05351812235241231
0.05328923357321333
0.05273908361017017
0.05366793411206703
0.05367220687541014
0.05382258557977882
0.05042029535223696
0.05279436091895071
0.05295497037397374
0.05448655354341403
0.05339663451959162
0.05107177122557546
0.054454479900905864
0.053558163108356906
0.05323591380580317
0.05347773543200204
0.05216291042456201
0.053856866334718
0.05240211248455187
0.051458954091618526
0.05303447539056019
0.05425220980087503
0.053885003414964314
0.05301184978900546
0.053557671262409595
0.0524828166220752
0.04953881620107418
0.05420808361880353
0.05290676218282313
0.05411775375033715
0.04986476010395805
0.05256899000849473
0.05188215444137415
0.05322897553129062
0.05192930682651585
0.05390205791820211
0.05271606542333871
0.05173779486630662
0.0550392826135484
0.05424295416902741
0.05318240416473875
0.053513132760487817
0.051693520728895395
0.0521166038044
0.051144606999132605
0.053863151123506495
0.052387302950775184
